Reacoes de apoio [N]
[[[3900.4723084 ]]

 [[2899.43543001]]

 [[1599.37246476]]]

Deslocamentos [m]
[[ 0.        ]
 [ 0.        ]
 [ 0.00100416]
 [-0.00431013]
 [ 0.00035947]
 [-0.00466139]
 [ 0.00025935]
 [-0.00443762]
 [ 0.00055807]
 [-0.00463594]
 [-0.00032453]
 [-0.0042463 ]
 [ 0.00116376]
 [ 0.        ]]

Deformacoes []
[[-0.00639392]
 [-0.00449198]
 [-0.00377519]
 [-0.00352698]
 [-0.00075513]
 [ 0.00075496]
 [ 0.00191093]
 [-0.00191126]
 [ 0.00187222]
 [ 0.00103442]
 [ 0.00315463]]

Forcas internas [N]
[[-6483.33471788]
 [-4554.80306166]
 [-3827.9858693 ]
 [-3576.30555255]
 [ -765.69254805]
 [  765.51441102]
 [ 1937.65689591]
 [-1937.9902627 ]
 [ 1898.39855162]
 [ 1048.88713714]
 [ 3198.74492952]]

Tensoes internas [Pa]
[[-1.23492090e+09]
 [-8.67581536e+08]
 [-7.29140166e+08]
 [-6.81201058e+08]
 [-1.45846200e+08]
 [ 1.45812269e+08]
 [ 3.69077504e+08]
 [-3.69141002e+08]
 [ 3.61599724e+08]
 [ 1.99788026e+08]
 [ 6.09284748e+08]]